
***********************************
views = [(3, "left"), (4, "right")]
***********************************


thr=15:

337 of 420
T:
 [-0.84551749 -0.09705143  0.52505351] 
R:
 [[ 0.5332306   0.16862252 -0.82899432]
 [-0.19955033  0.97735223  0.07044349]
 [ 0.8220978   0.12786347  0.55480279]]


thr=10:

365 of 420
T:
 [-0.88667113 -0.08420011  0.45466982] 
R:
 [[ 0.67815285  0.1723557  -0.7144244 ]
 [-0.16614343  0.98289841  0.07941708]
 [ 0.71589459  0.06484     0.69519113]]


thr=7:

325 of 420
T:
 [-0.88667113 -0.08420011  0.45466982] 
R:
 [[ 0.67815285  0.1723557  -0.7144244 ]
 [-0.16614343  0.98289841  0.07941708]
 [ 0.71589459  0.06484     0.69519113]]


thr=5:

279 of 420
T:
 [-0.88667113 -0.08420011  0.45466982] 
R:
 [[ 0.67815285  0.1723557  -0.7144244 ]
 [-0.16614343  0.98289841  0.07941708]
 [ 0.71589459  0.06484     0.69519113]]

 
thr=3:

193 of 420
T:
 [-0.88667113 -0.08420011  0.45466982] 
R:
 [[ 0.67815285  0.1723557  -0.7144244 ]
 [-0.16614343  0.98289841  0.07941708]
 [ 0.71589459  0.06484     0.69519113]]


thr=2:

141 of 420
T:
 [-0.88667113 -0.08420011  0.45466982] 
R:
 [[ 0.67815285  0.1723557  -0.7144244 ]
 [-0.16614343  0.98289841  0.07941708]
 [ 0.71589459  0.06484     0.69519113]]


thr=1.5:

110 of 420
T:
 [-0.88667113 -0.08420011  0.45466982] 
R:
 [[ 0.67815285  0.1723557  -0.7144244 ]
 [-0.16614343  0.98289841  0.07941708]
 [ 0.71589459  0.06484     0.69519113]]


thr=1:

72 of 420
T:
 [-0.89203704 -0.08211397  0.44444034] 
R:
 [[ 0.6600949   0.18107966 -0.7290301 ]
 [-0.16030195  0.98211123  0.09879684]
 [ 0.73387875  0.05164965  0.67731403]]



**********************************
views = [(2, "left"), (1, "left")]
**********************************


thr=15:

419 of 426
T:
 [ 0.92179812 -0.14434184  0.35979669] 
R:
 [[ 0.74985967 -0.1807598   0.63642468]
 [ 0.21643447  0.97604452  0.02220865]
 [-0.62519325  0.12109086  0.77101907]]


thr=10:

402 of 426
T:
 [ 0.92179812 -0.14434184  0.35979669] 
R:
 [[ 0.74985967 -0.1807598   0.63642468]
 [ 0.21643447  0.97604452  0.02220865]
 [-0.62519325  0.12109086  0.77101907]]


thr=7:

369 of 426
T:
 [ 0.92179812 -0.14434184  0.35979669] 
R:
 [[ 0.74985967 -0.1807598   0.63642468]
 [ 0.21643447  0.97604452  0.02220865]
 [-0.62519325  0.12109086  0.77101907]]
 

thr=5:

326 of 426
T:
 [ 0.92179812 -0.14434184  0.35979669] 
R:
 [[ 0.74985967 -0.1807598   0.63642468]
 [ 0.21643447  0.97604452  0.02220865]
 [-0.62519325  0.12109086  0.77101907]]
 
 
thr=3:

231 of 426
T:
 [ 0.93316992 -0.13762491  0.3320441 ] 
R:
 [[ 0.74246009 -0.19928807  0.63956023]
 [ 0.20520045  0.97648803  0.06605988]
 [-0.63768785  0.08219122  0.76589739]]
 
 
thr=2:

181 of 426
T:
 [ 0.91942022 -0.14264587  0.36649505] 
R:
 [[ 0.73789209 -0.19307812  0.64671176]
 [ 0.21381501  0.97572616  0.04734562]
 [-0.64015498  0.10334073  0.76126362]]


thr=1.5:

145 of 426
T:
 [ 0.91942022 -0.14264587  0.36649505] 
R:
 [[ 0.73789209 -0.19307812  0.64671176]
 [ 0.21381501  0.97572616  0.04734562]
 [-0.64015498  0.10334073  0.76126362]]


thr=1:

100 of 426
T:
 [ 0.92179812 -0.14434184  0.35979669] 
R:
 [[ 0.74985967 -0.1807598   0.63642468]
 [ 0.21643447  0.97604452  0.02220865]
 [-0.62519325  0.12109086  0.77101907]]
