[
    [
        2,
        "right",
        [
            6.749765497292088,
            -2.0338356058965648,
            2.078939492273876
        ],
        [
            [
                0.4277483574871521,
                0.9019539976958434,
                0.05924802703491347
            ],
            [
                0.38580447518631955,
                -0.1229035554540584,
                -0.9143574918941493
            ],
            [
                -0.8174266019608436,
                0.41397306928982425,
                -0.40054968269805236
            ]
        ],
        [
            [
                1414.0293624594217,
                0.0,
                1342.4155370336998
            ],
            [
                0.0,
                1417.469867255395,
                897.3833628887058
            ],
            [
                0.0,
                0.0,
                1.0
            ]
        ]
    ],
    [
        3,
        "left",
        [
            4.4937642881679105,
            3.8314663012136054,
            2.1928806074693945
        ],
        [
            [
                -0.641471520146686,
                0.7649571974896486,
                -0.057920418243333674
            ],
            [
                0.28151618244155263,
                0.16449209542849416,
                -0.9453523097581544
            ],
            [
                -0.7136266025480231,
                -0.6227221182440256,
                -0.32086482447510456
            ]
        ],
        [
            [
                1404.1703979830768,
                0.0,
                1267.6941793846906
            ],
            [
                0.0,
                1402.5230177100393,
                959.4855746511009
            ],
            [
                0.0,
                0.0,
                1.0
            ]
        ]
    ],
    [
        2,
        "left",
        [
            6.745194674562903,
            -2.0890440159338795,
            2.077680142780459
        ],
        [
            [
                -0.3386892573251107,
                0.9400556853864851,
                -0.03981074409138005
            ],
            [
                0.3767105107555329,
                0.09670852307078322,
                -0.921269044661641
            ],
            [
                -0.8621941649413254,
                -0.3270210542732872,
                -0.3868829952364376
            ]
        ],
        [
            [
                1396.9503382600192,
                0.0,
                1309.6369518338652
            ],
            [
                0.0,
                1398.3502375598102,
                985.349030897481
            ],
            [
                0.0,
                0.0,
                1.0
            ]
        ]
    ],
    [
        3,
        "right",
        [
            4.463580829218087,
            3.869848809184037,
            2.1888749097322346
        ],
        [
            [
                -0.14547735148202925,
                0.9893055552757708,
                -0.010528936616356597
            ],
            [
                0.3427370545565944,
                0.0404105898255119,
                -0.9385618230376856
            ],
            [
                -0.9280989449620355,
                -0.14014814494117145,
                -0.3449504976513362
            ]
        ],
        [
            [
                1349.6683878760566,
                0.0,
                1396.8958033206839
            ],
            [
                0.0,
                1354.588224847373,
                930.6286788412268
            ],
            [
                0.0,
                0.0,
                1.0
            ]
        ]
    ],
    [
        2,
        "array",
        [
            6.7761768216853495,
            -2.0586961474580945,
            1.9204233702734859
        ],
        [
            [
                0.007411601179334841,
                0.9998487004097044,
                0.01573672319714353
            ],
            [
                0.02977968342882025,
                0.015509481554149777,
                -0.9994361542573893
            ],
            [
                -0.9995290083948725,
                0.007876056814581847,
                -0.029660227683140725
            ]
        ],
        [
            4,
            3,
            0.093,
            0.072
        ]
    ],
    [
        3,
        "array",
        [
            4.518533080277864,
            3.8715141175015724,
            2.037032256246692
        ],
        [
            [
                -0.40882209145095305,
                0.912531338624371,
                0.012290385269831245
            ],
            [
                0.07371716074957979,
                0.04644317310277234,
                -0.9961971752033663
            ],
            [
                -0.9096319463127317,
                -0.40636140035756185,
                -0.08625621453989603
            ]
        ],
        [
            4,
            3,
            0.093,
            0.072
        ]
    ],
    [
        1,
        "right",
        [
            -8.554445027237412,
            -0.9300006997167407,
            2.012431471254019
        ],
        [
            [
                -0.1924946445680796,
                -0.9808316274411306,
                0.0302511226864699
            ],
            [
                -0.4507062214469058,
                0.06098629606151305,
                -0.8905866457800444
            ],
            [
                0.8716706452334285,
                -0.18506752903705345,
                -0.4538064520634959
            ]
        ],
        [
            [
                1394.1238387230883,
                0.0,
                1275.010554498383
            ],
            [
                0.0,
                1397.4025640951245,
                907.5740451638555
            ],
            [
                0.0,
                0.0,
                1.0
            ]
        ]
    ],
    [
        4,
        "right",
        [
            -5.9404598825633865,
            3.9297700560999242,
            1.8356668631329816
        ],
        [
            [
                -0.6725499674009084,
                -0.7358738367935744,
                0.07852539507535493
            ],
            [
                -0.35058930329473414,
                0.22336681930663543,
                -0.9095022839158512
            ],
            [
                0.6517389675048978,
                -0.6392158949490699,
                -0.4082148427974048
            ]
        ],
        [
            [
                1407.581657316067,
                0.0,
                1311.5020583325281
            ],
            [
                0.0,
                1412.055241597909,
                1017.6407033655756
            ],
            [
                0.0,
                0.0,
                1.0
            ]
        ]
    ],
    [
        1,
        "left",
        [
            -8.56390364735204,
            -0.8754457775242002,
            2.0164602410887893
        ],
        [
            [
                0.5639818845750862,
                -0.8144681945933278,
                -0.13625708740105333
            ],
            [
                -0.39351650235924396,
                -0.12001029390395286,
                -0.9114506523822528
            ],
            [
                0.7259953142011877,
                0.567661069083455,
                -0.38819030694357604
            ]
        ],
        [
            [
                1389.2083879457764,
                0.0,
                1245.012944194331
            ],
            [
                0.0,
                1393.0412173254279,
                947.506694184124
            ],
            [
                0.0,
                0.0,
                1.0
            ]
        ]
    ],
    [
        4,
        "left",
        [
            -5.919438521558107,
            3.974420331060905,
            1.8343413613355206
        ],
        [
            [
                -0.18406842520902858,
                -0.9809717065080932,
                -0.06175213252727223
            ],
            [
                -0.4132164512409215,
                0.1342335580894799,
                -0.900685026136494
            ],
            [
                0.8918357355841529,
                -0.1402706773108197,
                -0.43006180697876106
            ]
        ],
        [
            [
                1397.1150660013689,
                0.0,
                1366.487994261521
            ],
            [
                0.0,
                1399.5998803936734,
                947.1767224883217
            ],
            [
                0.0,
                0.0,
                1.0
            ]
        ]
    ],
    [
        1,
        "array",
        [
            -8.615354563682104,
            -0.9029728483483243,
            1.8621294303777798
        ],
        [
            [
                0.15272014318995905,
                -0.9867145120398363,
                -0.05541687102342115
            ],
            [
                -0.1809167898203033,
                0.027213441773188046,
                -0.9831218356582125
            ],
            [
                0.9715686661400493,
                0.16016834992234072,
                -0.17435718126306135
            ]
        ],
        [
            4,
            3,
            0.093,
            0.072
        ]
    ],
    [
        4,
        "array",
        [
            -5.966738282877099,
            3.968705705121118,
            1.679084704642786
        ],
        [
            [
                -0.44641545620695045,
                -0.8947362611915101,
                0.0126595169171787
            ],
            [
                -0.08534331711147518,
                0.028489292673083307,
                -0.9959442145157517
            ],
            [
                0.8907467421685865,
                -0.4456852960464637,
                -0.08907782105567107
            ]
        ],
        [
            4,
            3,
            0.093,
            0.072
        ]
    ]
]