[
    [
        2,
        "left",
        [
            -8.65920137240609,
            8.567975016283071,
            2.0310247035231734
        ],
        [
            [
                -0.3253054642990168,
                -0.9455476903448231,
                -0.010766623461959484
            ],
            [
                -0.3621055142139467,
                0.13508037179522903,
                -0.9222976145103682
            ],
            [
                0.8735307387110394,
                -0.2961297999851302,
                -0.38633041569065263
            ]
        ],
        [
            [
                1396.9503382600192,
                0.0,
                1309.6369518338652
            ],
            [
                0.0,
                1398.3502375598102,
                985.349030897481
            ],
            [
                0.0,
                0.0,
                1.0
            ]
        ]
    ],
    [
        1,
        "left",
        [
            -8.23513537624775,
            -1.0348517989221868,
            1.8814478460499595
        ],
        [
            [
                0.3841366708750701,
                -0.9204268809184525,
                -0.07248016950688099
            ],
            [
                -0.36068398155059306,
                -0.07733732353582423,
                -0.9294761986415392
            ],
            [
                0.8499094560844874,
                0.3831883287249801,
                -0.36169133413330107
            ]
        ],
        [
            [
                1389.2083879457764,
                0.0,
                1245.012944194331
            ],
            [
                0.0,
                1393.0412173254279,
                947.506694184124
            ],
            [
                0.0,
                0.0,
                1.0
            ]
        ]
    ],
    [
        2,
        "right",
        [
            -8.697340324309257,
            8.52786806481708,
            2.0337265014891335
        ],
        [
            [
                -0.8979337066540296,
                -0.43297925030415196,
                0.07901915755440972
            ],
            [
                -0.2315497318390729,
                0.3120389934060598,
                -0.9214208529653461
            ],
            [
                0.3742990517484754,
                -0.8456717066333641,
                -0.380446559269505
            ]
        ],
        [
            [
                1414.0293624594217,
                0.0,
                1342.4155370336998
            ],
            [
                0.0,
                1417.469867255395,
                897.3833628887058
            ],
            [
                0.0,
                0.0,
                1.0
            ]
        ]
    ],
    [
        1,
        "right",
        [
            -8.237305416797236,
            -1.0903033414654015,
            1.8799137763383047
        ],
        [
            [
                -0.39821775222901745,
                -0.9158013512132313,
                0.05225425270432667
            ],
            [
                -0.37906520988795045,
                0.11241972530773015,
                -0.9185158528922285
            ],
            [
                0.8353036504542959,
                -0.3855770875943652,
                -0.3919159617315605
            ]
        ],
        [
            [
                1394.1238387230883,
                0.0,
                1275.010554498383
            ],
            [
                0.0,
                1397.4025640951245,
                907.5740451638555
            ],
            [
                0.0,
                0.0,
                1.0
            ]
        ]
    ],
    [
        2,
        "array",
        [
            -8.703712239765496,
            8.559377779328752,
            1.8743229190269048
        ],
        [
            [
                -0.6320333576624446,
                -0.7737655593714783,
                0.042669590254405754
            ],
            [
                -0.04151453316484579,
                -0.021175224433159126,
                -0.9989134864473049
            ],
            [
                0.7738283907547208,
                -0.6331180529733361,
                -0.01873906777859736
            ]
        ],
        [
            4,
            3,
            0.093,
            0.072
        ]
    ],
    [
        1,
        "array",
        [
            -8.282931282069422,
            -1.0581789278209144,
            1.7252609964175238
        ],
        [
            [
                -0.05808942874504245,
                -0.9982453274279356,
                -0.011484099284071084
            ],
            [
                -0.1180923778864527,
                0.018293823680451866,
                -0.9928340880027596
            ],
            [
                0.9913020773473632,
                -0.056316980418344965,
                -0.11894784219716578
            ]
        ],
        [
            4,
            3,
            0.093,
            0.072
        ]
    ],
    [
        3,
        "left",
        [
            5.432765374648123,
            5.802704370635083,
            2.0872096086765515
        ],
        [
            [
                -0.7031238770299832,
                0.7090110776327062,
                -0.05403799907873472
            ],
            [
                0.25196247445079145,
                0.17736260053005612,
                -0.9513450580109458
            ],
            [
                -0.6649298647368449,
                -0.6825289735442183,
                -0.3033520648581721
            ]
        ],
        [
            [
                1404.1703979830768,
                0.0,
                1267.6941793846906
            ],
            [
                0.0,
                1402.5230177100393,
                959.4855746511009
            ],
            [
                0.0,
                0.0,
                1.0
            ]
        ]
    ],
    [
        4,
        "right",
        [
            7.854576925861355,
            -2.474096749408267,
            2.045257192497094
        ],
        [
            [
                0.005711227352179549,
                0.9997186833406261,
                0.02302034017594115
            ],
            [
                0.37135718463703543,
                0.019254072657712475,
                -0.9282904298249259
            ],
            [
                -0.9284725215646319,
                0.013850446410707021,
                -0.37114275128801555
            ]
        ],
        [
            [
                1407.581657316067,
                0.0,
                1311.5020583325281
            ],
            [
                0.0,
                1412.055241597909,
                1017.6407033655756
            ],
            [
                0.0,
                0.0,
                1.0
            ]
        ]
    ],
    [
        3,
        "right",
        [
            5.399463924556211,
            5.83843307146817,
            2.083365511228118
        ],
        [
            [
                -0.22659873853326754,
                0.9738410957492047,
                -0.016927253915444074
            ],
            [
                0.3232933121213542,
                0.05880895680236619,
                -0.9444696612053888
            ],
            [
                -0.9187678956258405,
                -0.2194881017955275,
                -0.3281623487505232
            ]
        ],
        [
            [
                1349.6683878760566,
                0.0,
                1396.8958033206839
            ],
            [
                0.0,
                1354.588224847373,
                930.6286788412268
            ],
            [
                0.0,
                0.0,
                1.0
            ]
        ]
    ],
    [
        4,
        "left",
        [
            7.868999278323501,
            -2.5213071862250653,
            2.045944238816697
        ],
        [
            [
                -0.5259694922727643,
                0.8460585277383073,
                -0.08683928166225217
            ],
            [
                0.3580972759993209,
                0.1276856402435565,
                -0.9249122759469994
            ],
            [
                -0.7714417891974714,
                -0.5175725503896804,
                -0.37013000548851066
            ]
        ],
        [
            [
                1397.1150660013689,
                0.0,
                1366.487994261521
            ],
            [
                0.0,
                1399.5998803936734,
                947.1767224883217
            ],
            [
                0.0,
                0.0,
                1.0
            ]
        ]
    ],
    [
        3,
        "array",
        [
            5.451673501887605,
            5.84305084217644,
            1.9306188229025674
        ],
        [
            [
                -0.48233111673085144,
                0.8759203614927469,
                0.010964221613212193
            ],
            [
                0.0538088722325641,
                0.042118312166658796,
                -0.997662594793095
            ],
            [
                -0.8743347751875299,
                -0.4806137410672382,
                -0.06744725935962774
            ]
        ],
        [
            4,
            3,
            0.093,
            0.072
        ]
    ],
    [
        4,
        "array",
        [
            7.8936431500500595,
            -2.4939738374545066,
            1.8877667389970867
        ],
        [
            [
                -0.2709789275896475,
                0.9621377294161266,
                -0.029349794485525597
            ],
            [
                0.04068839065132841,
                -0.019014411230566488,
                -0.9989909444192971
            ],
            [
                -0.961724948032736,
                -0.2718996906940736,
                -0.03399533103085825
            ]
        ],
        [
            4,
            3,
            0.093,
            0.072
        ]
    ]
]