[
    [
        2,
        "left",
        [
            -9.131164220654567,
            8.526004402804944,
            2.178949985004799
        ],
        [
            [
                -0.29889781551331085,
                -0.9541477993456032,
                -0.01618866533453017
            ],
            [
                -0.36901644140861434,
                0.13120989768494,
                -0.9201145736915759
            ],
            [
                0.8800494087558344,
                -0.26904635242547,
                -0.39131457728412866
            ]
        ],
        [
            [
                1396.9503382600192,
                0.0,
                1309.6369518338652
            ],
            [
                0.0,
                1398.3502375598102,
                985.349030897481
            ],
            [
                0.0,
                0.0,
                1.0
            ]
        ]
    ],
    [
        1,
        "left",
        [
            -8.129605694879164,
            -1.3996261438619633,
            1.9090145290023073
        ],
        [
            [
                0.41983296667974507,
                -0.9033873173315466,
                -0.08735922946887728
            ],
            [
                -0.3823013515609193,
                -0.08872436218459635,
                -0.9197682665484995
            ],
            [
                0.8231560949683719,
                0.4195465915002151,
                -0.3826156045915704
            ]
        ],
        [
            [
                1389.2083879457764,
                0.0,
                1245.012944194331
            ],
            [
                0.0,
                1393.0412173254279,
                947.506694184124
            ],
            [
                0.0,
                0.0,
                1.0
            ]
        ]
    ],
    [
        2,
        "right",
        [
            -9.168162183682263,
            8.484833117662278,
            2.18150398812129
        ],
        [
            [
                -0.8852465263354604,
                -0.4583526977733837,
                0.07906574514201244
            ],
            [
                -0.24343433643133602,
                0.3117267317718968,
                -0.9184585829230663
            ],
            [
                0.3963310629476775,
                -0.8323095873187286,
                -0.387533791300954
            ]
        ],
        [
            [
                1414.0293624594217,
                0.0,
                1342.4155370336998
            ],
            [
                0.0,
                1417.469867255395,
                897.3833628887058
            ],
            [
                0.0,
                0.0,
                1.0
            ]
        ]
    ],
    [
        1,
        "right",
        [
            -8.129517101711636,
            -1.4551137317242433,
            1.9072664555584875
        ],
        [
            [
                -0.35836135345616354,
                -0.9317498543253634,
                0.05847520255399394
            ],
            [
                -0.4082247643988338,
                0.1000619372574743,
                -0.9073809290721283
            ],
            [
                0.8396009064314927,
                -0.34904128362837666,
                -0.41622169602565334
            ]
        ],
        [
            [
                1394.1238387230883,
                0.0,
                1275.010554498383
            ],
            [
                0.0,
                1397.4025640951245,
                907.5740451638555
            ],
            [
                0.0,
                0.0,
                1.0
            ]
        ]
    ],
    [
        3,
        "left",
        [
            4.934546408404558,
            5.807400814075983,
            1.9275910560756282
        ],
        [
            [
                -0.7302575488224181,
                0.6796098069028613,
                -0.06967368763980561
            ],
            [
                0.2507143972047828,
                0.17172709451116064,
                -0.952707770538793
            ],
            [
                -0.6355046840284627,
                -0.7131902378553778,
                -0.29579297017622563
            ]
        ],
        [
            [
                1404.1703979830768,
                0.0,
                1267.6941793846906
            ],
            [
                0.0,
                1402.5230177100393,
                959.4855746511009
            ],
            [
                0.0,
                0.0,
                1.0
            ]
        ]
    ],
    [
        4,
        "right",
        [
            7.887959391715192,
            -2.431300684974386,
            1.9933001003073536
        ],
        [
            [
                0.0020058674115318335,
                0.9999979794930353,
                -0.00013230938583565867
            ],
            [
                0.31728434699137353,
                -0.0007619048502196055,
                -0.9483301443354294
            ],
            [
                -0.9483283290349312,
                0.0018602448348099363,
                -0.31728523419625043
            ]
        ],
        [
            [
                1407.581657316067,
                0.0,
                1311.5020583325281
            ],
            [
                0.0,
                1412.055241597909,
                1017.6407033655756
            ],
            [
                0.0,
                0.0,
                1.0
            ]
        ]
    ],
    [
        3,
        "right",
        [
            4.899882953333276,
            5.841714156614387,
            1.9229711931987936
        ],
        [
            [
                -0.2648194436055614,
                0.9636894088224192,
                -0.03425471663778759
            ],
            [
                0.3266328777366473,
                0.05622161724317801,
                -0.9434776589490808
            ],
            [
                -0.9072935718222171,
                -0.261039945368628,
                -0.32966122224493866
            ]
        ],
        [
            [
                1349.6683878760566,
                0.0,
                1396.8958033206839
            ],
            [
                0.0,
                1354.588224847373,
                930.6286788412268
            ],
            [
                0.0,
                0.0,
                1.0
            ]
        ]
    ],
    [
        4,
        "left",
        [
            7.902634226272578,
            -2.478429063145688,
            1.9942311369750731
        ],
        [
            [
                -0.5343323257536774,
                0.8418810057330707,
                -0.07566596223228161
            ],
            [
                0.3036963269977597,
                0.1076688901008288,
                -0.9466657018570624
            ],
            [
                -0.7888330030004674,
                -0.5288135609932166,
                -0.31320713766920677
            ]
        ],
        [
            [
                1397.1150660013689,
                0.0,
                1366.487994261521
            ],
            [
                0.0,
                1399.5998803936734,
                947.1767224883217
            ],
            [
                0.0,
                0.0,
                1.0
            ]
        ]
    ]
]